"Axis"	"Eigen"
1	0.2488963878299
2	0.0759835675590481
3	0.0656195008079886
4	0.0498911956694391
5	0.030515150955453
6	0.0293215326545365
7	0.0258082895753966
8	0.0229768598108327
9	0.0196000573075709
10	0.017171479548627
11	0.0152230844337817
12	0.0144163999438735
13	0.01417603117988
14	0.0130028320861911
15	0.0123999918234903
16	0.0114721390705561
17	0.011084033380474
18	0.0108757895881045
19	0.0104862839605367
20	0.00993001455246771
21	0.00958007152890767
22	0.00952423748688526
23	0.00924693904673139
24	0.00856319969995434
25	0.0084709172926295
26	0.00819258255220487
27	0.00810897682609586
28	0.00791504830684576
29	0.00759783427965896
30	0.00746023449158363
31	0.0072130368593212
32	0.00697519269442676
33	0.00648281369410627
34	0.0063698001766844
35	0.00615863808654789
36	0.00614711007885222
37	0.0059856613653836
38	0.00589554610686099
39	0.00560988155004065
40	0.00552373043616421
41	0.00527665164449134
42	0.00520992238066342
43	0.00505457469129262
44	0.00495234050960083
45	0.00488717762850779
46	0.00484870507045478
47	0.00459222768108974
48	0.00449350589378378
49	0.00437290771262632
50	0.00420846716441057
51	0.00417352914790434
52	0.00411231823369691
53	0.00400441662057356
54	0.0039223232485296
55	0.00382635543170572
56	0.00370255749044102
57	0.00360902562408827
58	0.00353923828155705
59	0.00349397576540971
60	0.00336006552811095
61	0.00333816651079725
62	0.00328350828065078
63	0.00323750780733149
64	0.00318136868953735
65	0.0030808890334369
66	0.0030637232126959
67	0.00301674752276818
68	0.00298222756920323
69	0.00293987945579938
70	0.00286896060129116
71	0.00284982863880085
72	0.00280551351173663
73	0.00276216543254619
74	0.00271589810407939
75	0.00270626590561122
76	0.00262296421494437
77	0.0026052845888918
78	0.00250433561490354
79	0.00247944957561361
80	0.00246128164658226
81	0.00245072958739828
82	0.00238863947540361
83	0.00237908686329682
84	0.0023506954511254
85	0.00232714909860228
86	0.00230259299908469
87	0.00226991610753843
88	0.00224102514096284
89	0.00220774707820614
90	0.00216111522053183
91	0.00215167796555795
92	0.00210747445202589
93	0.0020925822511458
94	0.00204802393040668
95	0.00203781864897984
96	0.00201261739796579
97	0.00199313785213074
98	0.0019733556644618
99	0.00195246077814944
100	0.00192459187349437
101	0.0018710918168858
102	0.00185466556378894
103	0.00182199396742202
104	0.00181257611582609
105	0.00179841050175179
106	0.00176077501933719
107	0.0017583009555672
108	0.00171213456543384
109	0.00170843776940736
110	0.00168447263649227
111	0.00166483916874809
112	0.00164386625087549
113	0.00161094490804173
114	0.00158189230403137
115	0.00155840070419414
116	0.00154302961598791
117	0.0015198391540362
118	0.00150567379259803
119	0.00148506040586529
120	0.00146909597787477
121	0.00145148266971125
122	0.00143657049762872
123	0.00141623050176863
124	0.0013937571654794
125	0.00138082953401455
126	0.00135974162659373
127	0.00134413751424356
128	0.00133912690063024
129	0.00132727366937013
130	0.00130461817434494
131	0.00128929529600124
132	0.00128132215301694
133	0.0012692629054928
134	0.00126005867411455
135	0.00124646311762611
136	0.00121734510983963
137	0.00120803672832675
138	0.00120227290356419
139	0.00117553302078108
140	0.00116360777523913
141	0.00114958271994079
142	0.0011485684018657
143	0.0011285996058442
144	0.00111204770181375
145	0.00110503416512542
146	0.00108815659672759
147	0.00107655934338454
148	0.00106373809315175
149	0.00106204499667077
150	0.00105119338352668
151	0.00103882867878797
152	0.00102715593216511
153	0.0010117360958108
154	0.00100713805004287
155	0.00100519946831146
156	0.000988224122593479
157	0.000976246911315931
158	0.000965154064082138
159	0.000956052485771362
160	0.000947376748686756
161	0.000933458903993613
162	0.000930195409647918
163	0.000927697717391862
164	0.000905647657380386
165	0.000898080605552267
166	0.00088522784893898
167	0.000878209705708596
168	0.000870394735135805
169	0.000862669877539971
170	0.000846334140461017
171	0.000836244315186794
172	0.000830282394591679
173	0.000815544284031157
174	0.000809755923246476
175	0.000802003719789779
176	0.000785116445959251
177	0.00077312806767137
178	0.000765704779810977
179	0.000756324771868807
180	0.000748742135174022
181	0.000739433509692515
182	0.000735449173833262
183	0.000732960604422628
184	0.000716352713764218
185	0.000715042594213469
186	0.000706239799405651
187	0.000699464120034296
188	0.000696387702908641
189	0.000687467348528583
190	0.000677997584198657
191	0.000674156609146609
192	0.000669503088390391
193	0.0006580461000575
194	0.000653939070338498
195	0.000648546778652521
196	0.00064180224469122
197	0.000631123014294567
198	0.000620461060235251
199	0.000613623735625827
200	0.000611161672363397
201	0.000597348170736137
202	0.000591376491836929
203	0.000587281804571592
204	0.000579583997070928
205	0.000567633707693618
206	0.000559457135105767
207	0.000550990300636465
208	0.000544246562573812
209	0.000542660257246062
210	0.000531486269893031
211	0.000528188946982416
212	0.000525558396672336
213	0.000517975302471994
214	0.000512725353965325
215	0.000503783563221166
216	0.000502095889554347
217	0.000494440170394478
218	0.000490258783998083
219	0.000483695660217537
220	0.000475337977294489
221	0.000468189639123162
222	0.000463698126785798
223	0.000451976143074415
224	0.000451437845607576
225	0.00044725670102933
226	0.000441637112974361
227	0.000439368243218401
228	0.000438034983873483
229	0.00043202061196741
230	0.000421521627365836
231	0.000413098068828527
232	0.000406533980149377
233	0.000402257741663157
234	0.000399155058191737
235	0.000388995513091803
236	0.000388244562296029
237	0.000383662760076606
238	0.000381565406837117
239	0.000377837282540867
240	0.000373658711383736
241	0.000363463106110444
242	0.000361455682958671
243	0.000355896400256945
244	0.000352199122335977
245	0.000348500800127681
246	0.000346019195399928
247	0.000342182408438111
248	0.000339006739380804
249	0.000331180476309726
250	0.000325707527704761
251	0.000321090468938
252	0.000318745498897457
253	0.00031200759526824
254	0.000308977903670555
255	0.000302478361104662
256	0.000295036785849485
257	0.000290513938842289
258	0.000287066354156289
259	0.000282580483355826
260	0.000277812517908555
261	0.000274978730524576
262	0.000273271097967183
263	0.000269223664103856
264	0.000265834215703307
265	0.000263888521133849
266	0.000258345354979217
267	0.000252028406946185
268	0.000250682059067955
269	0.000244769272097631
270	0.000241711887626892
271	0.000240825523207274
272	0.000231051997904092
273	0.000228436280388645
274	0.000223741544503316
275	0.000222105757945888
276	0.000218429941001987
277	0.000213291881173318
278	0.00020991382072705
279	0.000203463486112429
280	0.000202181293789784
281	0.000201874021619376
282	0.00019731133242894
283	0.000195466884560346
284	0.00019109723590883
285	0.000186343196490762
286	0.000183699524323662
287	0.000176437792175257
288	0.00017237588276783
289	0.000170692496498728
290	0.000167534704757093
291	0.000165061502240324
292	0.000158714526933183
293	0.000155596012923992
294	0.0001527891810113
295	0.000150163573726368
296	0.00014665438030142
297	0.000142904438747847
298	0.00014220827422653
299	0.000133581078669103
300	0.000130471209302589
301	0.000127217337988792
302	0.000126187810848866
303	0.000123962044662514
304	0.000122004889297159
305	0.000117386442122231
306	0.000116582589664007
307	0.000111448167673511
308	0.000108499867153514
309	0.000106823820658302
310	0.000103160792140556
311	0.000100952013448049
312	9.56316640449271e-05
313	9.39578116119616e-05
314	9.16865611469947e-05
315	8.62159429110253e-05
316	8.38370909464101e-05
317	8.1786915583745e-05
318	8.07201038970319e-05
319	7.89750467705012e-05
320	7.71170068263875e-05
321	7.19671476972492e-05
322	6.62406539754383e-05
323	6.17270628939372e-05
324	6.1015092397662e-05
325	5.82044822131872e-05
326	5.63917886896001e-05
327	5.40713182431232e-05
328	5.17225624351565e-05
329	4.97147849829329e-05
330	4.60278195611974e-05
331	4.1884602858136e-05
332	4.0506211637861e-05
333	3.86754307907208e-05
334	3.60531005394285e-05
335	3.35345182425014e-05
336	3.06730395532717e-05
337	2.84943994363235e-05
338	2.50717757397202e-05
339	2.22729111089457e-05
340	1.9201950662988e-05
341	1.85145301090704e-05
342	1.28889024798628e-05
343	1.00688089440811e-05
344	8.14277222598423e-06
345	7.96445113835738e-06
346	7.09693572616349e-06
347	3.52693980290537e-06
348	0
349	-2.3349908815721e-06
350	-4.99595571014046e-06
351	-7.30595105358575e-06
352	-7.49701368543446e-06
353	-9.86369965210902e-06
354	-1.22812893743342e-05
355	-1.78084455697669e-05
356	-1.84472698939441e-05
357	-2.189493840804e-05
358	-2.40055125431695e-05
359	-2.4326805761902e-05
360	-2.7607815003176e-05
361	-2.8183832617237e-05
362	-3.10855047077139e-05
363	-3.32841217805699e-05
364	-3.47151478859361e-05
365	-3.76193918499825e-05
366	-4.1434112987824e-05
367	-4.5188735532964e-05
368	-4.72592157559367e-05
369	-4.82099223552727e-05
370	-5.27822414524562e-05
371	-5.32744351614544e-05
372	-5.64320922415372e-05
373	-5.71289705928604e-05
374	-5.97675689582211e-05
375	-6.10098945085572e-05
376	-6.54393832767308e-05
377	-6.77678460071233e-05
378	-7.1046007664399e-05
379	-7.27592896759257e-05
380	-7.60693379720598e-05
381	-7.74644028668623e-05
382	-8.023450013839e-05
383	-8.16812852624756e-05
384	-8.35488351870181e-05
385	-8.46738114181217e-05
386	-8.69204457953912e-05
387	-8.83812229911298e-05
388	-9.12579022684478e-05
389	-9.24359171781663e-05
390	-9.3185052365272e-05
391	-9.68645799720788e-05
392	-9.89017104790641e-05
393	-0.000102626828167736
394	-0.000106003023443351
395	-0.000107514775888675
396	-0.000108691402264776
397	-0.000109274300275562
398	-0.0001128600779858
399	-0.000115444840356224
400	-0.000119819600331664
401	-0.000120659192194994
402	-0.00012278869563549
403	-0.000124450212470903
404	-0.000125683755866312
405	-0.000127831677675075
406	-0.000130551901668478
407	-0.000133432985711009
408	-0.000136065544254094
409	-0.000138493944163192
410	-0.000141139327118553
411	-0.000141375069552776
412	-0.000144160181137308
413	-0.00014511469671397
414	-0.000147596373763907
415	-0.000148823801733708
416	-0.00014961583879561
417	-0.000153470694549687
418	-0.000154708540002098
419	-0.000156155575337701
420	-0.000156450384059541
421	-0.000158052592040012
422	-0.00015982604160316
423	-0.000162721238674669
424	-0.000165950199496816
425	-0.000167408960301864
426	-0.00017055851046341
427	-0.000174517794102098
428	-0.000174744719919637
429	-0.00017762256319773
430	-0.000178535225786061
431	-0.00018025150571772
432	-0.000184494318262406
433	-0.000187084422712043
434	-0.000187771008580831
435	-0.000189019004308542
436	-0.000191728079107499
437	-0.000193643854888412
438	-0.000194570109694935
439	-0.000197425192045724
440	-0.000198826469544931
441	-0.00020195634261845
442	-0.000203165255303217
443	-0.000205211290882834
444	-0.000206729295883277
445	-0.000210677791445053
446	-0.000213032210840333
447	-0.000214121384505724
448	-0.000215888952960012
449	-0.000217115165797923
450	-0.000219373708187877
451	-0.00022148815697835
452	-0.000223883363961717
453	-0.000226101772304411
454	-0.000226682172004005
455	-0.000229566847907415
456	-0.000231155326316729
457	-0.000233271257706635
458	-0.000235276989846847
459	-0.000237922821345506
460	-0.000240709730797204
461	-0.000241717307512698
462	-0.000243637847983305
463	-0.00024622854322238
464	-0.000246929570318299
465	-0.000251916110861611
466	-0.000254543493803451
467	-0.000256163658310235
468	-0.000257488247985235
469	-0.000259004488742237
470	-0.000260711731470447
471	-0.00026295663934614
472	-0.000264512304284015
473	-0.000267880295681826
474	-0.000270436708184716
475	-0.000272646046147972
476	-0.000274693128383499
477	-0.000274805196601237
478	-0.000276491056243762
479	-0.000277440686952489
480	-0.000283883211486911
481	-0.000285692091328484
482	-0.000287368941431827
483	-0.000289163030523057
484	-0.000292293172897989
485	-0.000293745600264899
486	-0.000295729656392494
487	-0.000298174551742283
488	-0.000299323575535038
489	-0.000300048607770742
490	-0.000304491941759247
491	-0.000306163613819509
492	-0.000308394055828892
493	-0.000309851948228731
494	-0.000313173885452133
495	-0.000316322345990344
496	-0.000319783760696098
497	-0.000320316153283072
498	-0.000324688415011156
499	-0.000327615783117042
500	-0.000329577088129825
501	-0.000329665561471015
502	-0.000331190802672435
503	-0.000334074341571655
504	-0.000337150731716583
505	-0.000338947366605875
506	-0.000341298799294358
507	-0.000344629709952169
508	-0.00034719535781557
509	-0.000349171193812754
510	-0.000350991252639333
511	-0.000353001096793885
512	-0.000357378362046715
513	-0.000358733962044482
514	-0.000359375557059404
515	-0.000361167331788777
516	-0.000363827896980964
517	-0.000367193722811384
518	-0.000368698842498582
519	-0.000371837611909371
520	-0.000374622239528398
521	-0.000376108874571437
522	-0.000377278195142166
523	-0.000380191024937873
524	-0.000383310380876505
525	-0.00038406204672979
526	-0.000387482944822845
527	-0.00039236121762792
528	-0.000395933404441743
529	-0.000398359195654729
530	-0.000402165145888689
531	-0.000402345024610285
532	-0.00040595840852246
533	-0.000406814142180112
534	-0.000410931960370559
535	-0.000413145529293176
536	-0.000414637556591557
537	-0.000417641362118224
538	-0.000418721450393697
539	-0.000422808610425288
540	-0.000424451529250356
541	-0.000429278978249316
542	-0.000432430165515899
543	-0.000435619653106821
544	-0.000438217816989064
545	-0.000440237161339237
546	-0.000442337430812166
547	-0.00044610939933569
548	-0.000448008586008648
549	-0.000450349316007732
550	-0.000452142680533411
551	-0.00045572966485368
552	-0.000457442643545534
553	-0.000458697072995768
554	-0.000462340998573168
555	-0.000469719730847843
556	-0.000473360841074493
557	-0.000474774298617095
558	-0.000476429373233504
559	-0.000478491600198368
560	-0.000479557061902879
561	-0.00048144760269378
562	-0.000485568556458006
563	-0.000487755628272912
564	-0.000490165973994074
565	-0.000492634686322998
566	-0.000495016043400025
567	-0.000498001950214553
568	-0.000499533315637282
569	-0.000505869702935336
570	-0.000508420791244355
571	-0.000511416942731562
572	-0.000516050895823903
573	-0.000516764048224982
574	-0.000521289043583584
575	-0.000523415896240086
576	-0.000527053188343228
577	-0.000528666069922208
578	-0.000530474298124428
579	-0.000533223263489131
580	-0.00053452480558333
581	-0.000539168459864389
582	-0.000542793981278587
583	-0.000548242108742914
584	-0.000549567209507514
585	-0.000552535692348273
586	-0.000554793797480457
587	-0.000556998435132633
588	-0.000562382466642021
589	-0.00056314648786086
590	-0.000567084297709592
591	-0.000571047100983201
592	-0.000574854798069855
593	-0.000576011553357
594	-0.000579617912431956
595	-0.000584839509708473
596	-0.00058710821101619
597	-0.000587935034903405
598	-0.00059056205869868
599	-0.000595772810017901
600	-0.000599055047804756
601	-0.000603722943261258
602	-0.000606563546677175
603	-0.000612711746830634
604	-0.000615767311583585
605	-0.00062134496914368
606	-0.000624528492675994
607	-0.000630067381808778
608	-0.000634712013127243
609	-0.000638742389228368
610	-0.000640509259510363
611	-0.000643815455286641
612	-0.000647197309491413
613	-0.000651744131418371
614	-0.00065544150118228
615	-0.000658913837097698
616	-0.000663086561382942
617	-0.000669579343772803
618	-0.000674181945646762
619	-0.00067896080562345
620	-0.000681093866095859
621	-0.000684542593334604
622	-0.000687499630938284
623	-0.000696465182772189
624	-0.000701840033305971
625	-0.00070883155267407
626	-0.000713424497917389
627	-0.000714940155655178
628	-0.000722065593819906
629	-0.00072705542471678
630	-0.0007305149205925
631	-0.000745244645065968
632	-0.000750979725493909
633	-0.000754445032037739
634	-0.000758887202549715
635	-0.000766037680591211
636	-0.000770275529168938
637	-0.000772648870848934
638	-0.000774351752393145
639	-0.000780204451568218
640	-0.000786440387206765
641	-0.000793471093918347
642	-0.000797649076278008
643	-0.000800141309737699
644	-0.000812126704574975
645	-0.000815259501891247
646	-0.000822234272608618
647	-0.000824838763090394
648	-0.000829898659387025
649	-0.00084480492702179
650	-0.000851806493549689
651	-0.000863253424404994
652	-0.000869029413345148
653	-0.000885068682674702
654	-0.000896712591816279
655	-0.000903447660339181
656	-0.000907528137501271
657	-0.000912205083716027
658	-0.000924632701766167
659	-0.000927412792789673
660	-0.000940886309005615
661	-0.00095152195806296
662	-0.000953198242875354
663	-0.000962311233387478
664	-0.000971250852067817
665	-0.000992302933574828
666	-0.00100194365818278
667	-0.00100995171719287
668	-0.0010333064380607
669	-0.00104191198606935
670	-0.00106177167438992
671	-0.00106581596365484
672	-0.00108447211911682
673	-0.00109701296891827
674	-0.00110583466643965
675	-0.00112600776824149
676	-0.00114780349701288
677	-0.00116625618296199
678	-0.00117701057270044
679	-0.00120960060361668
680	-0.00123821240296007
681	-0.00125685525634912
682	-0.00127734629095273
683	-0.00131045426149394
684	-0.00133538813345267
685	-0.00136276853760777
686	-0.00139107009520997
687	-0.00145716184916764
688	-0.00151501386459056
689	-0.00153307471939875
690	-0.00155806956027507
691	-0.00161253013812364
692	-0.00167920762330463
693	-0.00174527919047041
694	-0.0017827373024228
695	-0.00193334681045366
696	-0.00206034154485312
697	-0.00238941264241819
698	-0.00251045239793792
699	-0.00273557945925643
700	-0.00288262926861243
701	-0.00399088351809307
702	-0.00618497178450448
703	-0.00696487794566126
