Variables	Min	FirstQu	Median	Mean	ThirdQu	Max	SD
SEQN	83732	86165.5	88760	88712.4964982491	91248.5	93702	2884.30412397383
GRMS	588.915	2261.08375	2956.3175	3183.01125437719	3861.675	11901.56	1281.10845492192
KCAL	604.5	1494.625	1921	2010.9375937969	2416.25	5136	715.008035558411
PROT	13.21	57.155	74.255	79.2229277138569	96.4725	228.85	31.2126781532305
CARB	25.13	172.4225	227.4625	240.056429464732	291.81875	822.645	93.0814040063468
SUGR	2.335	61.09875	90.42	100.871058029015	127.8625	436.12	55.3907977065827
FIBE	1.15	10.95	15.55	17.102963981991	21.55	89.55	8.80806765903384
TFAT	15.11	53.55625	73.75	78.8111730865433	98.3175	228.095	34.0784178577119
SFAT	3.4935	16.369375	23.2695	25.498401825913	32.237625	97.467	12.5022803778366
MFAT	3.988	18.445375	25.83125	27.7611542021011	34.60825	100.3785	12.7271531021124
PFAT	1.775	11.76575	16.64725	18.3099210855428	22.9555	84.773	9.11132583070423
CHOL	0	166.5	260	298.731365682841	387	1751	182.401252488484
ATOC	1.01	5.20125	7.375	8.49241370685343	10.27375	97.465	5.36649332804133
ATOA	0	0	0	0.779182091045523	0	58.81	3.03562478243347
RET	0.5	193.5	317.25	396.679964982491	497.375	9914	436.398020436023
VARA	7	313.5	490.5	601.553151575788	740.5	10021.5	528.693202614419
ACAR	0	24	81.5	386.486368184092	419.125	24302	836.793055638753
BCAR	4.5	452.5	1061	2226.76488244122	2600	53020	3207.27518667945
CRYP	0	17	45.5	94.7672586293147	102.5	7314.5	217.159297904876
LYCO	0	806.625	2495.5	4801.94422211106	6199.375	71914	6568.84266325441
LZ	0.5	472.125	846.75	1660.08979489745	1593.75	45376.5	2896.4003785614
VB1	0.2375	1.055	1.44625	1.54928064032016	1.9015	8.2275	0.69448315839793
VB2	0.258	1.3295	1.81425	1.99126475737869	2.41025	11.9605	0.996433313693173
NIAC	3.9355	16.77225	22.6635	24.7330485242621	30.176625	126.4905	11.7711363938512
VB6	0.307	1.290625	1.7685	2.00723649324662	2.385375	20.5435	1.22857810543623
FOLA	45	248	343	383.435842921461	471	2358.5	199.303396436942
FA	0	76.5	132.5	168.084292146073	213.5	2134.5	146.444889301705
FF	19.5	136	192	215.134817408704	268.875	1616	113.941630252874
FDFE	45	309.5	437.75	500.805402701351	618.5	3851.5	289.7427996401
CHL	36.65	220.325	301.6	327.24335917959	406.225	1233.65	149.716884738256
VB12	0.025	2.38	3.71	4.71536268134067	5.735	105.505	4.88877888769656
B12A	0	0	0	0.947357428714357	1.07	26.995	2.21748858357203
VC	5	31.3	61.9	78.8198849424712	109.45	391.35	62.2125211623738
VD	0	1.85	3.5	4.61793396698349	5.85	49.8	4.50030380467726
VK	1.9	48.4125	77.375	117.626713356678	130.6375	2027.3	139.912962004798
CALC	94	579.25	816	897.70060030015	1116.5	4356.5	445.028975597636
PHOS	196.5	951.5	1246	1316.76613306653	1601.375	4525.5	502.450758689132
MAGN	49	204.625	272.5	290.693096548274	353.5	1480	119.781035037405
IRON	1.35	9.32625	12.5225	13.7715582791396	16.9	77.97	6.64319069216062
ZINC	1.78	7.12625	9.7525	10.6784892446223	13.11	105.23	5.31969581521671
COPP	0.2265	0.810625	1.074	1.19747348674337	1.421625	18.9055	0.797090368364154
SODI	418	2407	3193.25	3396.64794897449	4118.125	11191.5	1368.48185999501
POTA	483	1846	2408	2524.57016008004	3074.875	7730	941.138281665578
SELE	17.45	77.975	105.4	113.094272136068	138.225	383.1	48.5123970801364
CAFF	0	23.625	87	132.617933966983	183.5	1358	156.476302633971
THEO	0	0	7.5	28.963731865933	37.5	787.5	52.3969478155496
ALCO	0	0	0	7.17494997498749	4	427.45	19.298930896174
MOIS	427.025	1882.94875	2534.7425	2759.53153076538	3411.95125	11728.54	1219.86047872784
S040	0	0.2	0.378	0.461705102551276	0.624	3.0825	0.365821590096611
S060	0	0.1325	0.247	0.297359554777389	0.402375	2.162	0.232260240273515
S080	0	0.114	0.20575	0.260427713856928	0.332875	3.847	0.236920429405589
S100	0.002	0.2315	0.4095	0.486526013006503	0.649875	3.684	0.360044044853317
S120	0.004	0.304	0.56225	0.872896323161581	1.00875	25.2065	1.19519404671416
S140	0.0445	1.071375	1.84325	2.11701313156578	2.789	13.2145	1.42783716578402
S160	2.206	9.17725	12.89925	14.0158085292646	17.57675	43.474	6.53460114432253
S180	0.5155	3.832625	5.53925	6.08514932466233	7.73325	20.45	3.06337291078497
M161	0.0665	0.674	1.0025	1.12240657828914	1.424375	5.151	0.625015138942392
M181	3.684	17.123375	23.97475	25.838232116058	32.1235	98.2125	11.9152669870288
M201	0.0075	0.1665	0.258	0.304131315657829	0.3855	2.0075	0.205279027787197
M221	0	0.005	0.0135	0.0292510005002501	0.0315	1.331	0.0653987525903957
P182	1.145	10.30125	14.6055	16.1249573536768	20.282125	72.9335	8.12324347547925
P183	0.162	1.063625	1.52175	1.74244134567284	2.1845	16.064	1.03362360760363
P184	0	0	0.0015	0.0116528264132066	0.005	0.3905	0.0278721127970093
P204	0	0.084	0.13675	0.157539769884942	0.2085	1.0925	0.105266819304955
P205	0	0.004	0.008	0.03133991995998	0.0175	1.254	0.0776862761710367
P225	0	0.0095	0.016	0.023473611805903	0.027	0.631	0.0299270648982062
P226	0	0.006	0.0245	0.0681116808404202	0.0625	1.8165	0.140344548042488
F_CITMLB	0	0	0	0.228426521010505	0.2592	6.4387	0.530394979133949
F_OTHER	0	0	0.2013	0.491161589669835	0.7828315	5.72251	0.686493498991481
F_JUICE	0	0	0.006003	0.256647071410705	0.3189125	4.2948	0.495199218372529
F_TOTAL	0	0.106748875	0.7021625	0.976235181215608	1.4527	9.4075725	1.05541579686819
V_DRKGR	0	0	0	0.153071694097049	0.16545	3.359083	0.325280017898303
V_REDOR_TOMATO	0	0.058025	0.18999125	0.268493775012506	0.382378	2.896934	0.291221159549253
V_REDOR_OTHER	0	0	0.00701575	0.095796347923962	0.1134	4.157648	0.194321114588626
V_REDOR_TOTAL	0	0.11094	0.27305625	0.364290122436218	0.513153625	4.157648	0.352904594913553
V_STARCHY_POTATO	0	0	0.1816875	0.357017744247124	0.522414	5.077437	0.491345971604401
V_STARCHY_OTHER	0	0	0	0.0884756630815408	0.087726	3.1624	0.211066774183487
V_STARCHY_TOTAL	0	0	0.2870875	0.445493407328664	0.645065625	5.5949	0.538733917378347
V_OTHER	0	0.1485	0.368527	0.518369323161581	0.7283675	4.6257	0.522104937036751
V_TOTAL	0	0.761859375	1.276841	1.48122454277139	1.99367475	9.456191	0.983405573354097
V_LEGUMES	0	0	0	0.145227555652826	0.192375	4.071937	0.293490477434266
G_WHOLE	0	0	0.45615	0.904503186968484	1.30850625	13.56795	1.22898475332358
G_REFINED	0	3.203559	4.973862	5.55188655690345	7.2508985	31.5648	3.28986996920477
G_TOTAL	0	4.05119725	5.877759	6.45638972611306	8.234809125	31.5648	3.36685973126155
PF_MEAT	0	0	0.99	1.53863919397199	2.3383	19.8186	1.87886464286639
PF_CUREDMEAT	0	0	0.39825	0.873799120185093	1.28371525	11.1315	1.24921166042638
PF_ORGAN	0	0	0	0.0216617506253127	0	6.886	0.23521870758029
PF_POULT	0	0	1.0582	1.6109009152076	2.45750775	16.12436	1.92027802486203
PF_SEAFD_HI	0	0	0	0.191983705352676	0	10.5213	0.791680928688578
PF_SEAFD_LOW	0	0	0	0.511124182091045	0.163885	21.3974	1.37373119952929
PF_MPS_TOTAL	0	2.6180875	4.1580375	4.7481088588044	6.28018975	30.61416	3.08297159127308
PF_EGGS	0	0.03581125	0.299024	0.605789135067534	0.982794375	7.902	0.746842791290001
PF_SOY	0	0	0	0.0778101411955978	0	5.928	0.33979043240396
PF_NUTSDS	0	0	0	0.643843115057529	0.645320625	20.32935	1.37701543297733
PF_LEGUMES	0	0	0	0.583134019884943	0.772875	16.35919	1.17881536597134
PF_TOTAL	0	3.651922	5.4145415	6.0755512590045	7.8661505	30.77853	3.50245389469967
D_MILK	0	0.09423125	0.3643935	0.621342452601301	0.907991375	7.62805	0.744090363395093
D_YOGURT	0	0	0	0.0642010265132566	0	2.51125	0.185841899185303
D_CHEESE	0	0.082955	0.4291625	0.637776011130565	0.9268955	6.889053	0.722698911609577
D_TOTAL	0	0.566043125	1.111166	1.35418782766383	1.87317125	8.462675	1.08321487341349
OILS	0	15.0374525	23.634649	26.7015002152326	35.108665	125.537019	15.9501612970144
SOLID_FATS	0	18.033346	28.8496	32.4134582433717	42.7077825	129.643074	19.4567879261361
ADD_SUGARS	0	6.6623325	12.18624	15.1716890367684	20.35947	90.8138725	11.9545271858158
A_DRINKS	0	0	0	0.513468882691346	0.285	30.525	1.38019575856602
NoOfItems	3	11.5	15	15.3216608304152	18.5	42.5	5.10464289420225
SDDSRVYR	9	9	9	9	9	9	0
RIDSTATR	2	2	2	2	2	2	0
RIAGENDR	1	1	2	1.52701350675338	2	2	0.499332188821985
RIDAGEYR	18	33	48	48.4719859929965	63	80	18.2847159873173
RIDAGEMN	not_numeric	not_numeric	not_numeric	not_numeric	not_numeric	not_numeric	not_numeric
RIDRETH1	1	2	3	3.016008004002	4	5	1.25894105158442
RIDRETH3	1	2	3	3.1935967983992	4	7	1.58506256564607
RIDEXMON	1	1	2	1.50425212606303	2	2	0.500044459833913
RIDEXAGM	216	222	227	227.429378531073	234	239	6.79545604849568
DMQMILIZ	1	2	2	1.90495247623812	2	2	0.293317254012183
DMQADFC	1	1	2	1.54736842105263	2	7	0.63774704131803
DMDBORN4	1	1	1	1.32666333166583	2	99	1.61192218858965
DMDCITZN	1	1	1	1.16562421816362	1	9	0.480437313190625
DMDYRSUS	1	4	6	7.79635761589404	7	99	14.7011067101536
DMDEDUC3	9	12	13	13.3924731182796	13	66	5.70080575735196
DMDEDUC2	1	3	4	3.56951731374606	5	5	1.24998849764923
DMDMARTL	1	1	1	2.55403987408185	5	6	1.88211121776519
RIDEXPRG	1	2	2	1.96933962264151	2	3	0.285838170108134
SIALANG	1	1	1	1.13131565782891	1	2	0.337787500074173
SIAPROXY	1	2	2	1.99724862431216	2	2	0.0523879001862345
SIAINTRP	1	2	2	1.97248624312156	2	2	0.163595367504843
FIALANG	1	1	1	1.11873554356207	1	2	0.323518644494104
FIAPROXY	1	2	2	1.99974299665896	2	2	0.0160313237458244
FIAINTRP	1	2	2	1.97507067591879	2	2	0.15592979730454
MIALANG	1	1	1	1.09828393135725	1	2	0.29773687947755
MIAPROXY	1	2	2	1.99531981279251	2	2	0.0682604905654847
MIAINTRP	1	2	2	1.96151846073843	2	2	0.19238069931585
AIALANGA	1	1	1	1.16135084427767	1	3	0.407446700039112
DMDHHSIZ	1	2	3	3.25137568784392	4	7	1.68915120171816
DMDFMSIZ	1	2	3	3.08854427213607	4	7	1.75098923594471
DMDHHSZA	0	0	0	0.268384192096048	0	3	0.601271224810047
DMDHHSZB	0	0	0	0.602051025512756	1	4	0.997352409767807
DMDHHSZE	0	0	0	0.609054527263632	1	3	0.811160614604332
DMDHRGND	1	1	1	1.45847923961981	2	2	0.498335371061256
DMDHRAGE	18	38	51	51.4307153576788	64	80	16.5060265880015
DMDHRBR4	1	1	1	1.33955417314671	2	99	1.63979421876677
DMDHREDU	1	3	4	3.55624675997926	5	9	1.26358774667222
DMDHRMAR	1	1	1	2.61710691823899	4	99	4.58579338157424
DMDHSEDU	1	3	4	3.64536585365854	5	9	1.30979360408985
WTINT2YR	5330.958	17481.7275	25408.023091	42987.6204782314	48348.815	233755.8	41125.5909068099
WTMEC2YR	5470.041	18236.1825	26545.558431	44584.8318548457	50847.4625	242386.7	42300.5183941628
SDMVPSU	1	1	1	1.48749374687344	2	2	0.499906092593376
SDMVSTRA	119	123	126	126.353426713357	130	133	4.17132496666106
INDHHIN2	1	6	8	11.1752895752896	14	99	14.2046215680917
INDFMIN2	1	5	8	10.8655872526343	14	99	14.4559138513772
INDFMPIR	0	1.15	2.11	2.50528830313015	3.98	5	1.60218235086976
Gender	not_numeric	not_numeric	not_numeric	not_numeric	not_numeric	not_numeric	not_numeric
AgeGroup	not_numeric	not_numeric	not_numeric	not_numeric	not_numeric	not_numeric	not_numeric
Gender_Age	not_numeric	not_numeric	not_numeric	not_numeric	not_numeric	not_numeric	not_numeric
BMDSTATS	1	1	1	1.07453726863432	1	3	0.378886050767699
BMXWT	32.4	66.7	78.7	82.0138819409705	93.775	198.9	21.5965157376618
BMIWT	3	3	3	3.45	4	4	0.51041778553404
BMXRECUM	not_numeric	not_numeric	not_numeric	not_numeric	not_numeric	not_numeric	not_numeric
BMIRECUM	not_numeric	not_numeric	not_numeric	not_numeric	not_numeric	not_numeric	not_numeric
BMXHEAD	not_numeric	not_numeric	not_numeric	not_numeric	not_numeric	not_numeric	not_numeric
BMIHEAD	not_numeric	not_numeric	not_numeric	not_numeric	not_numeric	not_numeric	not_numeric
BMXHT	136.5	159.1	166.3	166.449024512256	173.6	202.7	9.90100576887651
BMIHT	3	3	3	3	3	3	0
BMXBMI	14.5	24.5	28.5	29.5233116558279	33.4	64.6	7.04569181615939
BMDBMIC	1	2	2	2.63276836158192	3	4	0.882693268506139
BMXLEG	26	36	38.6	38.5891111673841	41.2	51.1	3.83855262651355
BMILEG	1	1	1	1	1	1	0
BMXARML	29.1	35.2	37.2	37.2103405107662	39	47.4	2.75481514726372
BMIARML	1	1	1	1	1	1	0
BMXARMC	17.1	29.5	32.75	33.2024524524525	36.4	58.4	5.2615300640365
BMIARMC	1	1	1	1	1	1	0
BMXWAIST	62.1	88.1	99	100.198024012006	110.2	171.6	17.0115391115746
BMIWAIST	Inf	NA	NA	NaN	NA	-Inf	NA
BMXSAD1	12.6	19.5	22.6	22.9068380462725	25.8	40.7	4.57339163628877
BMXSAD2	12.6	19.5	22.5	22.9029562982005	25.8	40.9	4.58561133544549
BMXSAD3	14.3	21.3	23.95	24.3828282828283	27	39.5	4.48482020428688
BMXSAD4	14.3	21.225	23.95	24.3742424242424	27	39.8	4.457821869378
BMDAVSAD	12.6	19.5	22.6	22.9225964010283	25.9	40.8	4.57725838932553
BMDSADCM	1	1	1	1.38	1	5	1.04764069241709
DBQ095Z	1	1	1	2.73961980990495	4	99	9.14533837351042
DBD100	1	1	1	1.69384184744577	2	9	0.833560919771683
DRQSPREP	1	3	3	3.2216108054027	4	9	1.11438081015685
DRQSDIET	1	2	2	1.84142071035518	2	2	0.365329004532161
DRQSDT1	1	1	1	1	1	1	0
DRQSDT2	2	2	2	2	2	2	0
DRQSDT3	3	3	3	3	3	3	0
DRQSDT4	4	4	4	4	4	4	0
DRQSDT5	5	5	5	5	5	5	NA
DRQSDT6	6	6	6	6	6	6	0
DRQSDT7	7	7	7	7	7	7	0
DRQSDT8	8	8	8	8	8	8	0
DRQSDT9	9	9	9	9	9	9	0
DRQSDT10	10	10	10	10	10	10	0
DRQSDT11	11	11	11	11	11	11	0
DRQSDT12	12	12	12	12	12	12	0
DRQSDT91	91	91	91	91	91	91	0
DRD340	1	1	1	1.46960220165124	2	9	0.589267683891145
DRD350A	1	2	2	1.88381742738589	2	2	0.320517621961194
DRD350AQ	1	1	1	1.59920634920635	2	10	1.13706100722116
DRD350B	1	2	2	1.79345320424159	2	2	0.404920745001511
DRD350BQ	1	1	1	1.75892857142857	2	30	2.08325822811249
DRD350C	1	2	2	1.96035039188566	2	2	0.195179609900537
DRD350CQ	1	1	1	1.77906976744186	2	7	1.18223281066153
DRD350D	1	2	2	1.89857076994006	2	2	0.301965860178722
DRD350DQ	1	1	1	1.36818181818182	1	10	0.878919201192572
DRD350E	1	2	2	1.9303826648225	2	2	0.254559693653438
DRD350EQ	1	1	1	1.4635761589404	2	6	0.84675722169609
DRD350F	1	2	2	1.88981097279852	2	2	0.313197430231949
DRD350FQ	1	1	1	1.7489539748954	2	12	1.38863520219082
DRD350G	1	2	2	1.90779160903642	2	2	0.289386615757785
DRD350GQ	1	1	1	1.545	2	6	0.901129943947818
DRD350H	1	1	1	1.11894882434302	1	2	0.323802935463115
DRD350HQ	1	1	2	2.31292517006803	3	30	2.27608448903019
DRD350I	1	2	2	1.92899953895805	2	2	0.256884837328391
DRD350IQ	1	1	1	1.64935064935065	2	8	1.13490356926724
DRD350J	1	2	2	1.99585062240664	2	2	0.0642967047128228
DRD350JQ	1	1	1	1.44444444444444	2	3	0.726483157256779
DRD350K	2	2	2	2	2	2	0
DRD360	1	1	1	1.32624468351263	2	9	0.611570316011419
DRD370A	1	2	2	1.90361010830325	2	2	0.295178480703106
DRD370AQ	1	1	2	2.08988764044944	2	20	1.96572385855179
DRD370B	1	1	2	1.63321299638989	2	2	0.482014703292345
DRD370BQ	1	1	2	2.59547244094488	3	30	2.49704044983391
DRD370C	1	2	2	1.97148014440433	2	2	0.166482669914035
DRD370CQ	1	1	1	1.94936708860759	2	14	1.88038958168326
DRD370D	1	2	2	1.83140794223827	2	2	0.374458804866664
DRD370DQ	1	1	2	2.18843683083512	2	25	2.2577560923886
DRD370E	1	2	2	1.87292418772563	2	2	0.333118013200221
DRD370EQ	1	1	1	1.86363636363636	2	10	1.36652547264655
DRD370F	1	2	2	1.96173285198556	2	2	0.191875127088578
DRD370FQ	1	1	1	2.0188679245283	2	15	2.11110953484281
DRD370G	1	2	2	1.96895306859206	2	2	0.173475887880784
DRD370GQ	1	1	1	1.6046511627907	2	5	0.973520835964724
DRD370H	1	2	2	1.97364620938628	2	2	0.160214028577785
DRD370HQ	1	1	2	2.41095890410959	3	14	1.95672356843977
DRD370I	1	2	2	1.97942238267148	2	2	0.141991047246342
DRD370IQ	1	1	1	1.6140350877193	2	4	0.940258056616683
DRD370J	1	2	2	1.99891696750903	2	2	0.0328975718808306
DRD370JQ	1	1.5	2	2	2.5	3	1
DRD370K	1	2	2	1.96678700361011	2	2	0.179224689890317
DRD370KQ	1	1	2	2.3804347826087	2	30	3.30115661151087
DRD370L	1	2	2	1.99241877256318	2	2	0.0867552278793683
DRD370LQ	1	1	2	2.33333333333333	2	8	1.90613046073277
DRD370M	1	1	2	1.62815884476534	2	2	0.483383558034188
DRD370MQ	1	1	2	2.59514563106796	3	30	2.5187683695164
DRD370N	1	2	2	1.94440433212996	2	2	0.229180608313974
DRD370NQ	1	1	2	2.33116883116883	3	16	2.14827851678706
DRD370O	1	2	2	1.98519855595668	2	2	0.120779251484277
DRD370OQ	1	1	1	1.70731707317073	2	6	1.12347457556957
DRD370P	1	2	2	1.99675090252708	2	2	0.056918454029255
DRD370PQ	1	1	1	1.44444444444444	2	3	0.726483157256779
DRD370Q	1	2	2	1.99241877256318	2	2	0.0867552278793683
DRD370QQ	1	1	1	1.47619047619048	1	6	1.20909253653505
DRD370R	1	2	2	1.96245487364621	2	2	0.190127693551615
DRD370RQ	1	1	1	1.52884615384615	2	6	0.964986350013936
DRD370S	1	2	2	1.98772563176895	2	2	0.110127591847585
DRD370SQ	1	1	1	1.32352941176471	2	3	0.534879665611333
DRD370T	1	1	2	1.7115523465704	2	2	0.453122199087393
DRD370TQ	1	1	2	2.66708385481852	3	30	3.02732838897002
DRD370U	1	2	2	1.92418772563177	2	2	0.264745305341066
DRD370UQ	1	1	2	2.26190476190476	3	24	2.26539944204872
DRD370V	2	2	2	2	2	2	0
DivGroup	not_numeric	not_numeric	not_numeric	not_numeric	not_numeric	not_numeric	not_numeric
PF_TOTAL_LEG	0	4.0629895	6.021191	6.65868527888945	8.59507425	31.96923	3.66799608891796
PF_LEG_perTOTAL	0	0	0	8.33115123405877	11.6160687325915	100	15.5793961591101
