Var	PC1	PC2	PC3	PC4	PC5	PC6	PC7	PC8	PC9	PC10	PC11	PC12	PC13	PC14	PC15
CHOLN	0.241316377706202	-0.056629756260895	0.335116674679331	-0.0265903553425158	0.0221405543346478	-0.00783189509692555	-0.13496626288499	0.0422327181195871	-0.0375070407015197	-0.145866907646989	-0.0304779886143198	-0.00629510234285346	-0.152808614671039	0.193000967231215	0.0260524298439941
TFAT	0.107040037882143	-0.32214662464828	0.0553096066531239	0.166339828406735	0.159017107851932	0.10570338708309	-0.0321839476239515	-0.159625227897042	0.0366613644276048	0.209772917678174	0.172946137293772	0.0215090415386978	-0.145058201385678	0.0710162566133606	-0.188729844942909
CARB	-0.109285901332285	-0.30120888798743	-0.239180748358597	-0.0037345940637074	-0.0423991328349333	0.0328848009891718	0.112726869962762	-0.193168380373998	0.075039889902767	-0.157200923811189	0.0866204776657002	-0.00489903451083252	0.203182306863709	-0.182517681453224	-0.00827307834527577
MOIS	-0.143007940588561	-0.153056464756431	-0.118028994499637	-0.318478333589012	0.0492130869933099	-0.277220468600659	-0.285974494370903	-0.177935252975297	-0.0500754609618541	-0.0659403829622074	-0.373233267876883	0.165465332825316	-0.223890061755563	-0.162579227863352	0.042334087220282
CAFF	0.0502637805031297	-0.288345517001275	-0.262664106032164	0.00416628059121101	0.0108475736478649	-0.131287346974141	-0.156593625264238	-0.24316050818148	0.0676002514780453	0.155929415987398	-0.107684823002814	0.192217815808677	-0.404500793088647	-0.0873027920446209	0.149665768822396
VC	-0.294348055254407	0.0819942189541994	0.131820369680945	0.0607442894186563	0.0377009506208657	-0.248079263200672	0.283309249673979	-0.0358547711164221	-0.148936618906734	0.0221951503789284	-0.0266865962168124	-0.128561849193794	-0.043845596642095	0.333167851729943	0.127042680554093
CALC	0.0650147169615346	-0.249106038216028	-0.0770311771603996	0.35048789038518	0.0458792775201294	0.0524831060904255	0.0275824150255698	-0.0132012292744195	0.389776989954116	0.0493584786669076	-0.0451195808777155	0.0866463993704681	0.0299225471139874	0.159032384900459	0.0632141260151856
FA	-0.144813794963354	-0.245058693623868	-0.1576096998657	-0.0949718919051322	-0.31258512320014	-0.130077258128085	0.136807086565814	-0.120245364997181	0.224732310754752	-0.0383492424949709	0.201166467671557	-0.0601853636673999	0.194283265071682	0.264402414271146	-0.125919026066354
MAGN	-0.213659508655306	-0.0777761953217216	0.148273279739421	0.0112143209361591	-0.144077887315553	0.566058399837493	-0.0819837669972007	-0.0187399583497735	0.341948180856994	-0.119274546438427	-0.108131724940846	0.0518169916487677	-0.119137899491684	-0.0344092959159208	0.233639806424078
PHOS	0.224558560333472	-0.214884271332472	0.208883830168544	0.0939237713370408	-0.0125446984032532	0.108463023541384	-0.182672292620527	0.0482675450482749	0.115794259356997	-0.165797132199298	-0.0571072816366287	-0.173559328249773	0.0359009982714852	0.213929490897784	0.183226570243305
POTA	-0.151417013329038	-0.128173581255678	0.250499811363983	0.0159719143865329	0.400663263013435	-0.0827523152549232	0.140133534584311	0.246438725432944	0.179104595941715	-0.101860782472895	-0.225743528479198	0.196075793662554	-0.093507288588913	0.0652860735174518	-0.146466563168654
SODI	0.162856924713938	-0.159917763928613	-0.00457610480726611	-0.367016075946885	-0.0383102622154919	0.218464868174418	0.190508626336637	0.0855337106468857	-0.133158082024229	-0.0360236588947181	-0.25498692338738	0.159510756178484	0.0113651376927613	0.172814468275135	-0.121323076305936
ZINC	0.203663580009364	-0.211468371319482	0.0511060433524577	0.257052294860042	-0.149549886348707	-0.163331149206827	-0.158149701059525	0.138244599304348	-0.148386939655228	-0.0146983913994258	0.0721753513848021	0.062008342628418	0.0333825700779439	-0.142198425864997	-0.0722795386749388
COPP	-0.256152627400236	-0.0312731538503425	0.118840620007185	-0.222803516655279	0.0781189196153135	0.308260293808701	0.126394448609104	-0.218274924318197	-0.142615614337442	-0.074201288770736	0.165142985033355	-0.318634128523418	-0.241346412055362	-0.174117130759492	0.250736026078517
SELE	0.217483277471458	-0.167518539583378	0.195722131125465	-0.228413039250839	-0.0552166068508401	0.120035249652746	-0.0844796630117089	-0.111979199193394	-0.107833189305954	-0.298050443378889	-0.0608968033855277	-0.018602496632805	0.125660915703493	0.13145003064586	-0.218219156706196
VB1	-0.111787993389102	-0.194868254947581	-0.179504053087185	0.0159512484018279	0.36552838294677	-0.0410636028858158	0.27262433904604	0.376549164864766	0.0765135784952723	-0.384985609413084	0.0204594938139576	-0.0617345169804623	-0.0753365380774483	-0.226643017820305	-0.13224125344282
NIAC	0.174175709277303	-0.246319683900395	0.0985215821690328	-0.238751335411338	0.095435259375154	-0.156730145966843	0.053672246483503	-0.266604059808907	-0.070358411864016	-0.054871404936726	0.0888139067393981	-0.122976199902475	0.223342523795081	0.00487520697072362	0.0158472600646885
VB6	-0.127147521469559	-0.109988728865368	0.319117577931449	-0.114801394768847	0.00864521957076772	-0.452621031135609	-0.105702425905403	0.0883937071780588	0.188575688543614	-0.103495725886854	0.295568103389985	-0.0581910613218992	-0.124043899491434	0.0935843413977334	0.340242071790467
FDFE	-0.249668452264025	-0.215728275132749	-0.0397491946828613	-0.0706933418691691	-0.247127245361676	-0.0679812280619211	0.183975318724628	-0.00830089687033827	0.0950789381641198	-0.0606357855196016	-0.0426378587049086	-0.0247528521134916	0.162164618646733	-0.0195987761893005	-0.0500484461740057
VARA	-0.226095186899698	-0.110861403062448	0.190005773312399	0.152865395511132	-0.314982793402361	-0.0711737686496963	-0.00457915138903659	0.0682049115008763	-0.173404832148069	0.0126717523354859	-0.39163509854984	-0.0203526142515982	0.0485132665199017	-0.0325116808113472	0.151679352240494
RET	0.0900469522333626	-0.148037033140106	0.0575610812463587	0.377367410560807	-0.194110406828336	-0.051792493997057	0.333484478794098	-0.0571474905613453	-0.208676480032704	0.000799317115511631	-0.361198979306967	-0.212606859879021	-0.116149319788615	-0.0621196123466831	0.0220522251944277
BCAR	-0.299493172623909	0.0132423815476688	0.147677388657232	-0.120206928277681	-0.163647676370682	-0.0269599671778687	-0.270751967235873	0.105654346881437	0.0126481902689845	-0.0088997434478772	-0.126519696892604	0.046269531874896	0.136818720921883	-0.00777633254686781	-0.357762121720939
CRYP	-0.130539923549128	0.132336771524848	-0.0704701771776251	0.161221456087874	0.460781405242541	-0.00719514139101297	-0.0823123857273886	-0.470855799744152	0.00549440578036012	-0.0545049284757564	-0.288752911011842	-0.0948672417683389	0.272570858605022	0.293625722926957	0.0106163654882257
LYCO	-0.183473345653907	-0.194817144237119	-0.169807067622379	-0.0137165366316321	0.102632692028246	0.0617438273313082	-0.398553576113308	0.268097667359161	-0.0247695767885054	0.25766729904686	-0.0552587255361476	-0.628204045638092	-0.0553433010142894	0.111722846723103	-0.213717922775532
LZ	-0.188795576737137	0.142086178491685	0.303159919093449	0.131605078953748	-0.108163551687137	-0.0221708042400894	0.0463033631329551	-0.309560037601454	0.195186611737617	0.0236493775319736	0.118198137206824	0.0926080401384902	-0.30551797391091	-0.0337683221167841	-0.530264717532137
ATOC	-0.247424725370684	-0.172703903343163	0.148569087579882	0.00308098446286685	0.138554899258059	0.127051661606317	-0.0994541836077623	0.136650850257785	-0.11583556327049	0.377257863465188	0.0751478131715961	0.390832720288035	0.375965585225196	0.00768368501427281	0.194697673346851
VITD	0.177626361361808	0.00243417035595493	0.345907952215166	-0.0911207144461103	0.1031495153505	-0.107908379802694	0.102984445536654	-0.10426640773885	0.312203516209654	0.287899358448847	-0.17267867084751	-0.247132414691583	0.273562507266355	-0.54883344819128	-0.0140275126732618
M221	0.175703958064065	0.0870080725009066	-0.0972867394379663	-0.336486749396599	-0.0760161690240713	-0.0451030023935795	0.279514665768914	0.139207050894006	0.332771999574751	0.404371676506674	-0.192665874725362	-0.0746027199590062	-0.145878240555044	0.259854156014247	0.0261982159154787
PFAT	-0.0581673724449729	-0.306887422912107	0.171640908112914	-0.0461125817578585	0.128499254381132	0.105443973097123	0.211418815625554	-0.0230020436199038	-0.36911725276457	0.323261850591744	0.173486976067667	0.0526939749720986	-0.143294110770831	0.0331335667503382	-0.100759760958796
